{
 "cells": [
  {
   "cell_type": "markdown",
   "metadata": {},
   "source": [
    "# Distancias"
   ]
  },
  {
   "cell_type": "code",
   "execution_count": 1,
   "metadata": {},
   "outputs": [],
   "source": [
    "from scipy.spatial import distance_matrix\n",
    "import pandas as pd\n",
    "import numpy as np\n",
    "from mpl_toolkits import mplot3d\n",
    "import matplotlib.pyplot as plt\n",
    "from matplotlib import style\n",
    "style.use(\"ggplot\")"
   ]
  },
  {
   "cell_type": "code",
   "execution_count": 2,
   "metadata": {},
   "outputs": [
    {
     "data": {
      "text/html": [
       "<div>\n",
       "<style scoped>\n",
       "    .dataframe tbody tr th:only-of-type {\n",
       "        vertical-align: middle;\n",
       "    }\n",
       "\n",
       "    .dataframe tbody tr th {\n",
       "        vertical-align: top;\n",
       "    }\n",
       "\n",
       "    .dataframe thead th {\n",
       "        text-align: right;\n",
       "    }\n",
       "</style>\n",
       "<table border=\"1\" class=\"dataframe\">\n",
       "  <thead>\n",
       "    <tr style=\"text-align: right;\">\n",
       "      <th></th>\n",
       "      <th>star_wars</th>\n",
       "      <th>lord_of_the_rings</th>\n",
       "      <th>harry_potter</th>\n",
       "    </tr>\n",
       "    <tr>\n",
       "      <th>user_id</th>\n",
       "      <th></th>\n",
       "      <th></th>\n",
       "      <th></th>\n",
       "    </tr>\n",
       "  </thead>\n",
       "  <tbody>\n",
       "    <tr>\n",
       "      <th>1</th>\n",
       "      <td>1.2</td>\n",
       "      <td>4.9</td>\n",
       "      <td>2.1</td>\n",
       "    </tr>\n",
       "    <tr>\n",
       "      <th>2</th>\n",
       "      <td>2.1</td>\n",
       "      <td>8.1</td>\n",
       "      <td>7.9</td>\n",
       "    </tr>\n",
       "    <tr>\n",
       "      <th>3</th>\n",
       "      <td>7.4</td>\n",
       "      <td>3.0</td>\n",
       "      <td>9.9</td>\n",
       "    </tr>\n",
       "    <tr>\n",
       "      <th>4</th>\n",
       "      <td>5.6</td>\n",
       "      <td>0.5</td>\n",
       "      <td>1.8</td>\n",
       "    </tr>\n",
       "    <tr>\n",
       "      <th>5</th>\n",
       "      <td>1.5</td>\n",
       "      <td>8.3</td>\n",
       "      <td>2.6</td>\n",
       "    </tr>\n",
       "    <tr>\n",
       "      <th>6</th>\n",
       "      <td>2.5</td>\n",
       "      <td>3.7</td>\n",
       "      <td>6.5</td>\n",
       "    </tr>\n",
       "    <tr>\n",
       "      <th>7</th>\n",
       "      <td>2.0</td>\n",
       "      <td>8.2</td>\n",
       "      <td>8.5</td>\n",
       "    </tr>\n",
       "    <tr>\n",
       "      <th>8</th>\n",
       "      <td>1.8</td>\n",
       "      <td>9.3</td>\n",
       "      <td>4.5</td>\n",
       "    </tr>\n",
       "    <tr>\n",
       "      <th>9</th>\n",
       "      <td>2.6</td>\n",
       "      <td>1.7</td>\n",
       "      <td>3.1</td>\n",
       "    </tr>\n",
       "    <tr>\n",
       "      <th>10</th>\n",
       "      <td>1.5</td>\n",
       "      <td>4.7</td>\n",
       "      <td>2.3</td>\n",
       "    </tr>\n",
       "  </tbody>\n",
       "</table>\n",
       "</div>"
      ],
      "text/plain": [
       "         star_wars  lord_of_the_rings  harry_potter\n",
       "user_id                                            \n",
       "1              1.2                4.9           2.1\n",
       "2              2.1                8.1           7.9\n",
       "3              7.4                3.0           9.9\n",
       "4              5.6                0.5           1.8\n",
       "5              1.5                8.3           2.6\n",
       "6              2.5                3.7           6.5\n",
       "7              2.0                8.2           8.5\n",
       "8              1.8                9.3           4.5\n",
       "9              2.6                1.7           3.1\n",
       "10             1.5                4.7           2.3"
      ]
     },
     "execution_count": 2,
     "metadata": {},
     "output_type": "execute_result"
    }
   ],
   "source": [
    "data = pd.read_csv(\"../datasets/movies/movies.csv\",sep=\";\",index_col=\"user_id\")\n",
    "data"
   ]
  },
  {
   "cell_type": "code",
   "execution_count": 3,
   "metadata": {},
   "outputs": [
    {
     "data": {
      "text/plain": [
       "['star_wars', 'lord_of_the_rings', 'harry_potter']"
      ]
     },
     "execution_count": 3,
     "metadata": {},
     "output_type": "execute_result"
    }
   ],
   "source": [
    "movies = data.columns.values.tolist()\n",
    "movies"
   ]
  },
  {
   "cell_type": "markdown",
   "metadata": {},
   "source": [
    "### Minkowski distance\n",
    "\n",
    "The Minkowski distance is a metric in a normed vector space which can be considered as a generalization of both the Euclidean distance and the Manhattan distance.\n",
    "\n",
    "Definition\n",
    "\n",
    "$$X = (x_1,x_2,\\cdots,x_n)\\ \\ \\ and\\ \\  Y\\ = (y_1,y_2,\\cdots,y_n)$$\n",
    "$$D(X,Y) = \\left( \\sum_{i=1}^n |x_i-y_i|^p \\right){1/P}$$"
   ]
  },
  {
   "cell_type": "code",
   "execution_count": 4,
   "metadata": {},
   "outputs": [
    {
     "data": {
      "text/plain": [
       "array([[ 0. ,  9.9, 15.9,  9.1,  4.2,  6.9, 10.5,  7.4,  5.6,  0.7],\n",
       "       [ 9.9,  0. , 12.4, 17.2,  6.1,  6.2,  0.8,  4.9, 11.7,  9.6],\n",
       "       [15.9, 12.4,  0. , 12.4, 18.5,  9. , 12. , 17.3, 12.9, 15.2],\n",
       "       [ 9.1, 17.2, 12.4,  0. , 12.7, 11. , 18. , 15.3,  5.5,  8.8],\n",
       "       [ 4.2,  6.1, 18.5, 12.7,  0. ,  9.5,  6.5,  3.2,  8.2,  3.9],\n",
       "       [ 6.9,  6.2,  9. , 11. ,  9.5,  0. ,  7. ,  8.3,  5.5,  6.2],\n",
       "       [10.5,  0.8, 12. , 18. ,  6.5,  7. ,  0. ,  5.3, 12.5, 10.2],\n",
       "       [ 7.4,  4.9, 17.3, 15.3,  3.2,  8.3,  5.3,  0. ,  9.8,  7.1],\n",
       "       [ 5.6, 11.7, 12.9,  5.5,  8.2,  5.5, 12.5,  9.8,  0. ,  4.9],\n",
       "       [ 0.7,  9.6, 15.2,  8.8,  3.9,  6.2, 10.2,  7.1,  4.9,  0. ]])"
      ]
     },
     "execution_count": 4,
     "metadata": {},
     "output_type": "execute_result"
    }
   ],
   "source": [
    "dd1 = distance_matrix(data,data,p=1)\n",
    "dd1"
   ]
  },
  {
   "cell_type": "code",
   "execution_count": 5,
   "metadata": {},
   "outputs": [
    {
     "data": {
      "text/plain": [
       "array([[ 0.        ,  6.68505797, 10.14347081,  6.22976725,  3.44963766,\n",
       "         4.74236228,  7.24499827,  5.04777179,  3.63318042,  0.41231056],\n",
       "       [ 6.68505797,  0.        ,  7.6223356 , 10.35470907,  5.33760246,\n",
       "         4.63465209,  0.6164414 ,  3.6180105 ,  8.01560977,  6.57875368],\n",
       "       [10.14347081,  7.6223356 ,  0.        ,  8.66602562, 10.77914653,\n",
       "         6.00499792,  7.62627039, 10.01049449,  8.42436941,  9.77036335],\n",
       "       [ 6.22976725, 10.35470907,  8.66602562,  0.        ,  8.84816365,\n",
       "         6.47610994, 10.82312339,  9.95841353,  3.48281495,  5.89067059],\n",
       "       [ 3.44963766,  5.33760246, 10.77914653,  8.84816365,  0.        ,\n",
       "         6.11310069,  5.92199291,  2.16794834,  6.70969448,  3.61247837],\n",
       "       [ 4.74236228,  4.63465209,  6.00499792,  6.47610994,  6.11310069,\n",
       "         0.        ,  4.94974747,  5.98748695,  3.94588393,  4.43170396],\n",
       "       [ 7.24499827,  0.6164414 ,  7.62627039, 10.82312339,  5.92199291,\n",
       "         4.94974747,  0.        ,  4.15331193,  8.47171765,  7.13722635],\n",
       "       [ 5.04777179,  3.6180105 , 10.01049449,  9.95841353,  2.16794834,\n",
       "         5.98748695,  4.15331193,  0.        ,  7.76916984,  5.10783712],\n",
       "       [ 3.63318042,  8.01560977,  8.42436941,  3.48281495,  6.70969448,\n",
       "         3.94588393,  8.47171765,  7.76916984,  0.        ,  3.29393382],\n",
       "       [ 0.41231056,  6.57875368,  9.77036335,  5.89067059,  3.61247837,\n",
       "         4.43170396,  7.13722635,  5.10783712,  3.29393382,  0.        ]])"
      ]
     },
     "execution_count": 5,
     "metadata": {},
     "output_type": "execute_result"
    }
   ],
   "source": [
    "dd2 = distance_matrix(data,data,p=2) # Distancia Euclidea\n",
    "dd2"
   ]
  },
  {
   "cell_type": "code",
   "execution_count": 6,
   "metadata": {},
   "outputs": [
    {
     "data": {
      "text/plain": [
       "6.685057965343308"
      ]
     },
     "execution_count": 6,
     "metadata": {},
     "output_type": "execute_result"
    }
   ],
   "source": [
    "np.sqrt((2.1-1.2)**2+abs((4.9-8.1))**2+abs((7.9-2.1))**2)"
   ]
  },
  {
   "cell_type": "code",
   "execution_count": 7,
   "metadata": {},
   "outputs": [
    {
     "data": {
      "text/plain": [
       "array([[0.        , 6.11454916, 8.96172636, 5.54394546, 3.40437729,\n",
       "        4.46656704, 6.68384763, 4.6295514 , 3.3175072 , 0.35033981],\n",
       "       [6.11454916, 0.        , 6.61551294, 8.91622676, 5.30265679,\n",
       "        4.44782539, 0.60184617, 3.44987047, 7.19751071, 5.99198931],\n",
       "       [8.96172636, 6.61551294, 0.        , 8.20757777, 9.05835741,\n",
       "        5.39807888, 6.70039353, 8.35451129, 7.53154712, 8.6591381 ],\n",
       "       [5.54394546, 8.91622676, 8.20757777, 0.        , 8.16323517,\n",
       "        5.50007713, 9.29843886, 9.10987536, 3.13884524, 5.23095442],\n",
       "       [3.40437729, 5.30265679, 9.05835741, 8.16323517, 0.        ,\n",
       "        5.40218247, 5.9012063 , 1.99045451, 6.61112296, 3.60069431],\n",
       "       [4.46656704, 4.44782539, 5.39807888, 5.50007713, 5.40218247,\n",
       "        0.        , 4.62995573, 5.68731147, 3.61661558, 4.23745783],\n",
       "       [6.68384763, 0.60184617, 6.70039353, 9.29843886, 5.9012063 ,\n",
       "        4.62995573, 0.        , 4.02770352, 7.56130494, 6.55245911],\n",
       "       [4.6295514 , 3.44987047, 8.35451129, 9.10987536, 1.99045451,\n",
       "        5.68731147, 4.02770352, 0.        , 7.61874413, 4.76236483],\n",
       "       [3.3175072 , 7.19751071, 7.53154712, 3.13884524, 6.61112296,\n",
       "        3.61661558, 7.56130494, 7.61874413, 0.        , 3.06676249],\n",
       "       [0.35033981, 5.99198931, 8.6591381 , 5.23095442, 3.60069431,\n",
       "        4.23745783, 6.55245911, 4.76236483, 3.06676249, 0.        ]])"
      ]
     },
     "execution_count": 7,
     "metadata": {},
     "output_type": "execute_result"
    }
   ],
   "source": [
    "dd3 = distance_matrix(data,data,p=3)\n",
    "dd3"
   ]
  },
  {
   "cell_type": "code",
   "execution_count": 8,
   "metadata": {},
   "outputs": [],
   "source": [
    "def dm_to_df(dd,col_names):\n",
    "    import pandas as pd\n",
    "    return pd.DataFrame(dd,columns=col_names, index = col_names)"
   ]
  },
  {
   "cell_type": "code",
   "execution_count": 9,
   "metadata": {},
   "outputs": [
    {
     "data": {
      "text/html": [
       "<div>\n",
       "<style scoped>\n",
       "    .dataframe tbody tr th:only-of-type {\n",
       "        vertical-align: middle;\n",
       "    }\n",
       "\n",
       "    .dataframe tbody tr th {\n",
       "        vertical-align: top;\n",
       "    }\n",
       "\n",
       "    .dataframe thead th {\n",
       "        text-align: right;\n",
       "    }\n",
       "</style>\n",
       "<table border=\"1\" class=\"dataframe\">\n",
       "  <thead>\n",
       "    <tr style=\"text-align: right;\">\n",
       "      <th>user_id</th>\n",
       "      <th>1</th>\n",
       "      <th>2</th>\n",
       "      <th>3</th>\n",
       "      <th>4</th>\n",
       "      <th>5</th>\n",
       "      <th>6</th>\n",
       "      <th>7</th>\n",
       "      <th>8</th>\n",
       "      <th>9</th>\n",
       "      <th>10</th>\n",
       "    </tr>\n",
       "    <tr>\n",
       "      <th>user_id</th>\n",
       "      <th></th>\n",
       "      <th></th>\n",
       "      <th></th>\n",
       "      <th></th>\n",
       "      <th></th>\n",
       "      <th></th>\n",
       "      <th></th>\n",
       "      <th></th>\n",
       "      <th></th>\n",
       "      <th></th>\n",
       "    </tr>\n",
       "  </thead>\n",
       "  <tbody>\n",
       "    <tr>\n",
       "      <th>1</th>\n",
       "      <td>0.0</td>\n",
       "      <td>9.9</td>\n",
       "      <td>15.9</td>\n",
       "      <td>9.1</td>\n",
       "      <td>4.2</td>\n",
       "      <td>6.9</td>\n",
       "      <td>10.5</td>\n",
       "      <td>7.4</td>\n",
       "      <td>5.6</td>\n",
       "      <td>0.7</td>\n",
       "    </tr>\n",
       "    <tr>\n",
       "      <th>2</th>\n",
       "      <td>9.9</td>\n",
       "      <td>0.0</td>\n",
       "      <td>12.4</td>\n",
       "      <td>17.2</td>\n",
       "      <td>6.1</td>\n",
       "      <td>6.2</td>\n",
       "      <td>0.8</td>\n",
       "      <td>4.9</td>\n",
       "      <td>11.7</td>\n",
       "      <td>9.6</td>\n",
       "    </tr>\n",
       "    <tr>\n",
       "      <th>3</th>\n",
       "      <td>15.9</td>\n",
       "      <td>12.4</td>\n",
       "      <td>0.0</td>\n",
       "      <td>12.4</td>\n",
       "      <td>18.5</td>\n",
       "      <td>9.0</td>\n",
       "      <td>12.0</td>\n",
       "      <td>17.3</td>\n",
       "      <td>12.9</td>\n",
       "      <td>15.2</td>\n",
       "    </tr>\n",
       "    <tr>\n",
       "      <th>4</th>\n",
       "      <td>9.1</td>\n",
       "      <td>17.2</td>\n",
       "      <td>12.4</td>\n",
       "      <td>0.0</td>\n",
       "      <td>12.7</td>\n",
       "      <td>11.0</td>\n",
       "      <td>18.0</td>\n",
       "      <td>15.3</td>\n",
       "      <td>5.5</td>\n",
       "      <td>8.8</td>\n",
       "    </tr>\n",
       "    <tr>\n",
       "      <th>5</th>\n",
       "      <td>4.2</td>\n",
       "      <td>6.1</td>\n",
       "      <td>18.5</td>\n",
       "      <td>12.7</td>\n",
       "      <td>0.0</td>\n",
       "      <td>9.5</td>\n",
       "      <td>6.5</td>\n",
       "      <td>3.2</td>\n",
       "      <td>8.2</td>\n",
       "      <td>3.9</td>\n",
       "    </tr>\n",
       "    <tr>\n",
       "      <th>6</th>\n",
       "      <td>6.9</td>\n",
       "      <td>6.2</td>\n",
       "      <td>9.0</td>\n",
       "      <td>11.0</td>\n",
       "      <td>9.5</td>\n",
       "      <td>0.0</td>\n",
       "      <td>7.0</td>\n",
       "      <td>8.3</td>\n",
       "      <td>5.5</td>\n",
       "      <td>6.2</td>\n",
       "    </tr>\n",
       "    <tr>\n",
       "      <th>7</th>\n",
       "      <td>10.5</td>\n",
       "      <td>0.8</td>\n",
       "      <td>12.0</td>\n",
       "      <td>18.0</td>\n",
       "      <td>6.5</td>\n",
       "      <td>7.0</td>\n",
       "      <td>0.0</td>\n",
       "      <td>5.3</td>\n",
       "      <td>12.5</td>\n",
       "      <td>10.2</td>\n",
       "    </tr>\n",
       "    <tr>\n",
       "      <th>8</th>\n",
       "      <td>7.4</td>\n",
       "      <td>4.9</td>\n",
       "      <td>17.3</td>\n",
       "      <td>15.3</td>\n",
       "      <td>3.2</td>\n",
       "      <td>8.3</td>\n",
       "      <td>5.3</td>\n",
       "      <td>0.0</td>\n",
       "      <td>9.8</td>\n",
       "      <td>7.1</td>\n",
       "    </tr>\n",
       "    <tr>\n",
       "      <th>9</th>\n",
       "      <td>5.6</td>\n",
       "      <td>11.7</td>\n",
       "      <td>12.9</td>\n",
       "      <td>5.5</td>\n",
       "      <td>8.2</td>\n",
       "      <td>5.5</td>\n",
       "      <td>12.5</td>\n",
       "      <td>9.8</td>\n",
       "      <td>0.0</td>\n",
       "      <td>4.9</td>\n",
       "    </tr>\n",
       "    <tr>\n",
       "      <th>10</th>\n",
       "      <td>0.7</td>\n",
       "      <td>9.6</td>\n",
       "      <td>15.2</td>\n",
       "      <td>8.8</td>\n",
       "      <td>3.9</td>\n",
       "      <td>6.2</td>\n",
       "      <td>10.2</td>\n",
       "      <td>7.1</td>\n",
       "      <td>4.9</td>\n",
       "      <td>0.0</td>\n",
       "    </tr>\n",
       "  </tbody>\n",
       "</table>\n",
       "</div>"
      ],
      "text/plain": [
       "user_id    1     2     3     4     5     6     7     8     9     10\n",
       "user_id                                                            \n",
       "1         0.0   9.9  15.9   9.1   4.2   6.9  10.5   7.4   5.6   0.7\n",
       "2         9.9   0.0  12.4  17.2   6.1   6.2   0.8   4.9  11.7   9.6\n",
       "3        15.9  12.4   0.0  12.4  18.5   9.0  12.0  17.3  12.9  15.2\n",
       "4         9.1  17.2  12.4   0.0  12.7  11.0  18.0  15.3   5.5   8.8\n",
       "5         4.2   6.1  18.5  12.7   0.0   9.5   6.5   3.2   8.2   3.9\n",
       "6         6.9   6.2   9.0  11.0   9.5   0.0   7.0   8.3   5.5   6.2\n",
       "7        10.5   0.8  12.0  18.0   6.5   7.0   0.0   5.3  12.5  10.2\n",
       "8         7.4   4.9  17.3  15.3   3.2   8.3   5.3   0.0   9.8   7.1\n",
       "9         5.6  11.7  12.9   5.5   8.2   5.5  12.5   9.8   0.0   4.9\n",
       "10        0.7   9.6  15.2   8.8   3.9   6.2  10.2   7.1   4.9   0.0"
      ]
     },
     "execution_count": 9,
     "metadata": {},
     "output_type": "execute_result"
    }
   ],
   "source": [
    "dm_to_df(dd1,data.index)"
   ]
  },
  {
   "cell_type": "code",
   "execution_count": 10,
   "metadata": {},
   "outputs": [
    {
     "data": {
      "text/html": [
       "<div>\n",
       "<style scoped>\n",
       "    .dataframe tbody tr th:only-of-type {\n",
       "        vertical-align: middle;\n",
       "    }\n",
       "\n",
       "    .dataframe tbody tr th {\n",
       "        vertical-align: top;\n",
       "    }\n",
       "\n",
       "    .dataframe thead th {\n",
       "        text-align: right;\n",
       "    }\n",
       "</style>\n",
       "<table border=\"1\" class=\"dataframe\">\n",
       "  <thead>\n",
       "    <tr style=\"text-align: right;\">\n",
       "      <th>user_id</th>\n",
       "      <th>1</th>\n",
       "      <th>2</th>\n",
       "      <th>3</th>\n",
       "      <th>4</th>\n",
       "      <th>5</th>\n",
       "      <th>6</th>\n",
       "      <th>7</th>\n",
       "      <th>8</th>\n",
       "      <th>9</th>\n",
       "      <th>10</th>\n",
       "    </tr>\n",
       "    <tr>\n",
       "      <th>user_id</th>\n",
       "      <th></th>\n",
       "      <th></th>\n",
       "      <th></th>\n",
       "      <th></th>\n",
       "      <th></th>\n",
       "      <th></th>\n",
       "      <th></th>\n",
       "      <th></th>\n",
       "      <th></th>\n",
       "      <th></th>\n",
       "    </tr>\n",
       "  </thead>\n",
       "  <tbody>\n",
       "    <tr>\n",
       "      <th>1</th>\n",
       "      <td>0.000000</td>\n",
       "      <td>6.685058</td>\n",
       "      <td>10.143471</td>\n",
       "      <td>6.229767</td>\n",
       "      <td>3.449638</td>\n",
       "      <td>4.742362</td>\n",
       "      <td>7.244998</td>\n",
       "      <td>5.047772</td>\n",
       "      <td>3.633180</td>\n",
       "      <td>0.412311</td>\n",
       "    </tr>\n",
       "    <tr>\n",
       "      <th>2</th>\n",
       "      <td>6.685058</td>\n",
       "      <td>0.000000</td>\n",
       "      <td>7.622336</td>\n",
       "      <td>10.354709</td>\n",
       "      <td>5.337602</td>\n",
       "      <td>4.634652</td>\n",
       "      <td>0.616441</td>\n",
       "      <td>3.618011</td>\n",
       "      <td>8.015610</td>\n",
       "      <td>6.578754</td>\n",
       "    </tr>\n",
       "    <tr>\n",
       "      <th>3</th>\n",
       "      <td>10.143471</td>\n",
       "      <td>7.622336</td>\n",
       "      <td>0.000000</td>\n",
       "      <td>8.666026</td>\n",
       "      <td>10.779147</td>\n",
       "      <td>6.004998</td>\n",
       "      <td>7.626270</td>\n",
       "      <td>10.010494</td>\n",
       "      <td>8.424369</td>\n",
       "      <td>9.770363</td>\n",
       "    </tr>\n",
       "    <tr>\n",
       "      <th>4</th>\n",
       "      <td>6.229767</td>\n",
       "      <td>10.354709</td>\n",
       "      <td>8.666026</td>\n",
       "      <td>0.000000</td>\n",
       "      <td>8.848164</td>\n",
       "      <td>6.476110</td>\n",
       "      <td>10.823123</td>\n",
       "      <td>9.958414</td>\n",
       "      <td>3.482815</td>\n",
       "      <td>5.890671</td>\n",
       "    </tr>\n",
       "    <tr>\n",
       "      <th>5</th>\n",
       "      <td>3.449638</td>\n",
       "      <td>5.337602</td>\n",
       "      <td>10.779147</td>\n",
       "      <td>8.848164</td>\n",
       "      <td>0.000000</td>\n",
       "      <td>6.113101</td>\n",
       "      <td>5.921993</td>\n",
       "      <td>2.167948</td>\n",
       "      <td>6.709694</td>\n",
       "      <td>3.612478</td>\n",
       "    </tr>\n",
       "    <tr>\n",
       "      <th>6</th>\n",
       "      <td>4.742362</td>\n",
       "      <td>4.634652</td>\n",
       "      <td>6.004998</td>\n",
       "      <td>6.476110</td>\n",
       "      <td>6.113101</td>\n",
       "      <td>0.000000</td>\n",
       "      <td>4.949747</td>\n",
       "      <td>5.987487</td>\n",
       "      <td>3.945884</td>\n",
       "      <td>4.431704</td>\n",
       "    </tr>\n",
       "    <tr>\n",
       "      <th>7</th>\n",
       "      <td>7.244998</td>\n",
       "      <td>0.616441</td>\n",
       "      <td>7.626270</td>\n",
       "      <td>10.823123</td>\n",
       "      <td>5.921993</td>\n",
       "      <td>4.949747</td>\n",
       "      <td>0.000000</td>\n",
       "      <td>4.153312</td>\n",
       "      <td>8.471718</td>\n",
       "      <td>7.137226</td>\n",
       "    </tr>\n",
       "    <tr>\n",
       "      <th>8</th>\n",
       "      <td>5.047772</td>\n",
       "      <td>3.618011</td>\n",
       "      <td>10.010494</td>\n",
       "      <td>9.958414</td>\n",
       "      <td>2.167948</td>\n",
       "      <td>5.987487</td>\n",
       "      <td>4.153312</td>\n",
       "      <td>0.000000</td>\n",
       "      <td>7.769170</td>\n",
       "      <td>5.107837</td>\n",
       "    </tr>\n",
       "    <tr>\n",
       "      <th>9</th>\n",
       "      <td>3.633180</td>\n",
       "      <td>8.015610</td>\n",
       "      <td>8.424369</td>\n",
       "      <td>3.482815</td>\n",
       "      <td>6.709694</td>\n",
       "      <td>3.945884</td>\n",
       "      <td>8.471718</td>\n",
       "      <td>7.769170</td>\n",
       "      <td>0.000000</td>\n",
       "      <td>3.293934</td>\n",
       "    </tr>\n",
       "    <tr>\n",
       "      <th>10</th>\n",
       "      <td>0.412311</td>\n",
       "      <td>6.578754</td>\n",
       "      <td>9.770363</td>\n",
       "      <td>5.890671</td>\n",
       "      <td>3.612478</td>\n",
       "      <td>4.431704</td>\n",
       "      <td>7.137226</td>\n",
       "      <td>5.107837</td>\n",
       "      <td>3.293934</td>\n",
       "      <td>0.000000</td>\n",
       "    </tr>\n",
       "  </tbody>\n",
       "</table>\n",
       "</div>"
      ],
      "text/plain": [
       "user_id         1          2          3          4          5         6   \\\n",
       "user_id                                                                    \n",
       "1         0.000000   6.685058  10.143471   6.229767   3.449638  4.742362   \n",
       "2         6.685058   0.000000   7.622336  10.354709   5.337602  4.634652   \n",
       "3        10.143471   7.622336   0.000000   8.666026  10.779147  6.004998   \n",
       "4         6.229767  10.354709   8.666026   0.000000   8.848164  6.476110   \n",
       "5         3.449638   5.337602  10.779147   8.848164   0.000000  6.113101   \n",
       "6         4.742362   4.634652   6.004998   6.476110   6.113101  0.000000   \n",
       "7         7.244998   0.616441   7.626270  10.823123   5.921993  4.949747   \n",
       "8         5.047772   3.618011  10.010494   9.958414   2.167948  5.987487   \n",
       "9         3.633180   8.015610   8.424369   3.482815   6.709694  3.945884   \n",
       "10        0.412311   6.578754   9.770363   5.890671   3.612478  4.431704   \n",
       "\n",
       "user_id         7          8         9         10  \n",
       "user_id                                            \n",
       "1         7.244998   5.047772  3.633180  0.412311  \n",
       "2         0.616441   3.618011  8.015610  6.578754  \n",
       "3         7.626270  10.010494  8.424369  9.770363  \n",
       "4        10.823123   9.958414  3.482815  5.890671  \n",
       "5         5.921993   2.167948  6.709694  3.612478  \n",
       "6         4.949747   5.987487  3.945884  4.431704  \n",
       "7         0.000000   4.153312  8.471718  7.137226  \n",
       "8         4.153312   0.000000  7.769170  5.107837  \n",
       "9         8.471718   7.769170  0.000000  3.293934  \n",
       "10        7.137226   5.107837  3.293934  0.000000  "
      ]
     },
     "execution_count": 10,
     "metadata": {},
     "output_type": "execute_result"
    }
   ],
   "source": [
    "dm_to_df(dd2,data.index)"
   ]
  },
  {
   "cell_type": "code",
   "execution_count": 11,
   "metadata": {},
   "outputs": [
    {
     "data": {
      "text/html": [
       "<div>\n",
       "<style scoped>\n",
       "    .dataframe tbody tr th:only-of-type {\n",
       "        vertical-align: middle;\n",
       "    }\n",
       "\n",
       "    .dataframe tbody tr th {\n",
       "        vertical-align: top;\n",
       "    }\n",
       "\n",
       "    .dataframe thead th {\n",
       "        text-align: right;\n",
       "    }\n",
       "</style>\n",
       "<table border=\"1\" class=\"dataframe\">\n",
       "  <thead>\n",
       "    <tr style=\"text-align: right;\">\n",
       "      <th>user_id</th>\n",
       "      <th>1</th>\n",
       "      <th>2</th>\n",
       "      <th>3</th>\n",
       "      <th>4</th>\n",
       "      <th>5</th>\n",
       "      <th>6</th>\n",
       "      <th>7</th>\n",
       "      <th>8</th>\n",
       "      <th>9</th>\n",
       "      <th>10</th>\n",
       "    </tr>\n",
       "    <tr>\n",
       "      <th>user_id</th>\n",
       "      <th></th>\n",
       "      <th></th>\n",
       "      <th></th>\n",
       "      <th></th>\n",
       "      <th></th>\n",
       "      <th></th>\n",
       "      <th></th>\n",
       "      <th></th>\n",
       "      <th></th>\n",
       "      <th></th>\n",
       "    </tr>\n",
       "  </thead>\n",
       "  <tbody>\n",
       "    <tr>\n",
       "      <th>1</th>\n",
       "      <td>0.000000</td>\n",
       "      <td>6.114549</td>\n",
       "      <td>8.961726</td>\n",
       "      <td>5.543945</td>\n",
       "      <td>3.404377</td>\n",
       "      <td>4.466567</td>\n",
       "      <td>6.683848</td>\n",
       "      <td>4.629551</td>\n",
       "      <td>3.317507</td>\n",
       "      <td>0.350340</td>\n",
       "    </tr>\n",
       "    <tr>\n",
       "      <th>2</th>\n",
       "      <td>6.114549</td>\n",
       "      <td>0.000000</td>\n",
       "      <td>6.615513</td>\n",
       "      <td>8.916227</td>\n",
       "      <td>5.302657</td>\n",
       "      <td>4.447825</td>\n",
       "      <td>0.601846</td>\n",
       "      <td>3.449870</td>\n",
       "      <td>7.197511</td>\n",
       "      <td>5.991989</td>\n",
       "    </tr>\n",
       "    <tr>\n",
       "      <th>3</th>\n",
       "      <td>8.961726</td>\n",
       "      <td>6.615513</td>\n",
       "      <td>0.000000</td>\n",
       "      <td>8.207578</td>\n",
       "      <td>9.058357</td>\n",
       "      <td>5.398079</td>\n",
       "      <td>6.700394</td>\n",
       "      <td>8.354511</td>\n",
       "      <td>7.531547</td>\n",
       "      <td>8.659138</td>\n",
       "    </tr>\n",
       "    <tr>\n",
       "      <th>4</th>\n",
       "      <td>5.543945</td>\n",
       "      <td>8.916227</td>\n",
       "      <td>8.207578</td>\n",
       "      <td>0.000000</td>\n",
       "      <td>8.163235</td>\n",
       "      <td>5.500077</td>\n",
       "      <td>9.298439</td>\n",
       "      <td>9.109875</td>\n",
       "      <td>3.138845</td>\n",
       "      <td>5.230954</td>\n",
       "    </tr>\n",
       "    <tr>\n",
       "      <th>5</th>\n",
       "      <td>3.404377</td>\n",
       "      <td>5.302657</td>\n",
       "      <td>9.058357</td>\n",
       "      <td>8.163235</td>\n",
       "      <td>0.000000</td>\n",
       "      <td>5.402182</td>\n",
       "      <td>5.901206</td>\n",
       "      <td>1.990455</td>\n",
       "      <td>6.611123</td>\n",
       "      <td>3.600694</td>\n",
       "    </tr>\n",
       "    <tr>\n",
       "      <th>6</th>\n",
       "      <td>4.466567</td>\n",
       "      <td>4.447825</td>\n",
       "      <td>5.398079</td>\n",
       "      <td>5.500077</td>\n",
       "      <td>5.402182</td>\n",
       "      <td>0.000000</td>\n",
       "      <td>4.629956</td>\n",
       "      <td>5.687311</td>\n",
       "      <td>3.616616</td>\n",
       "      <td>4.237458</td>\n",
       "    </tr>\n",
       "    <tr>\n",
       "      <th>7</th>\n",
       "      <td>6.683848</td>\n",
       "      <td>0.601846</td>\n",
       "      <td>6.700394</td>\n",
       "      <td>9.298439</td>\n",
       "      <td>5.901206</td>\n",
       "      <td>4.629956</td>\n",
       "      <td>0.000000</td>\n",
       "      <td>4.027704</td>\n",
       "      <td>7.561305</td>\n",
       "      <td>6.552459</td>\n",
       "    </tr>\n",
       "    <tr>\n",
       "      <th>8</th>\n",
       "      <td>4.629551</td>\n",
       "      <td>3.449870</td>\n",
       "      <td>8.354511</td>\n",
       "      <td>9.109875</td>\n",
       "      <td>1.990455</td>\n",
       "      <td>5.687311</td>\n",
       "      <td>4.027704</td>\n",
       "      <td>0.000000</td>\n",
       "      <td>7.618744</td>\n",
       "      <td>4.762365</td>\n",
       "    </tr>\n",
       "    <tr>\n",
       "      <th>9</th>\n",
       "      <td>3.317507</td>\n",
       "      <td>7.197511</td>\n",
       "      <td>7.531547</td>\n",
       "      <td>3.138845</td>\n",
       "      <td>6.611123</td>\n",
       "      <td>3.616616</td>\n",
       "      <td>7.561305</td>\n",
       "      <td>7.618744</td>\n",
       "      <td>0.000000</td>\n",
       "      <td>3.066762</td>\n",
       "    </tr>\n",
       "    <tr>\n",
       "      <th>10</th>\n",
       "      <td>0.350340</td>\n",
       "      <td>5.991989</td>\n",
       "      <td>8.659138</td>\n",
       "      <td>5.230954</td>\n",
       "      <td>3.600694</td>\n",
       "      <td>4.237458</td>\n",
       "      <td>6.552459</td>\n",
       "      <td>4.762365</td>\n",
       "      <td>3.066762</td>\n",
       "      <td>0.000000</td>\n",
       "    </tr>\n",
       "  </tbody>\n",
       "</table>\n",
       "</div>"
      ],
      "text/plain": [
       "user_id        1         2         3         4         5         6         7   \\\n",
       "user_id                                                                         \n",
       "1        0.000000  6.114549  8.961726  5.543945  3.404377  4.466567  6.683848   \n",
       "2        6.114549  0.000000  6.615513  8.916227  5.302657  4.447825  0.601846   \n",
       "3        8.961726  6.615513  0.000000  8.207578  9.058357  5.398079  6.700394   \n",
       "4        5.543945  8.916227  8.207578  0.000000  8.163235  5.500077  9.298439   \n",
       "5        3.404377  5.302657  9.058357  8.163235  0.000000  5.402182  5.901206   \n",
       "6        4.466567  4.447825  5.398079  5.500077  5.402182  0.000000  4.629956   \n",
       "7        6.683848  0.601846  6.700394  9.298439  5.901206  4.629956  0.000000   \n",
       "8        4.629551  3.449870  8.354511  9.109875  1.990455  5.687311  4.027704   \n",
       "9        3.317507  7.197511  7.531547  3.138845  6.611123  3.616616  7.561305   \n",
       "10       0.350340  5.991989  8.659138  5.230954  3.600694  4.237458  6.552459   \n",
       "\n",
       "user_id        8         9         10  \n",
       "user_id                                \n",
       "1        4.629551  3.317507  0.350340  \n",
       "2        3.449870  7.197511  5.991989  \n",
       "3        8.354511  7.531547  8.659138  \n",
       "4        9.109875  3.138845  5.230954  \n",
       "5        1.990455  6.611123  3.600694  \n",
       "6        5.687311  3.616616  4.237458  \n",
       "7        4.027704  7.561305  6.552459  \n",
       "8        0.000000  7.618744  4.762365  \n",
       "9        7.618744  0.000000  3.066762  \n",
       "10       4.762365  3.066762  0.000000  "
      ]
     },
     "execution_count": 11,
     "metadata": {},
     "output_type": "execute_result"
    }
   ],
   "source": [
    "dm_to_df(dd3,data.index)"
   ]
  },
  {
   "cell_type": "code",
   "execution_count": 12,
   "metadata": {},
   "outputs": [
    {
     "data": {
